const std::map<std::string, std::vector<Mat<double>>> Symmetry::cpg1 = {
  {"C1", {  { 1.000000000000000} } },
  {"D1", {  { 1.000000000000000},
            {-1.000000000000000} } },
};
const std::map<std::string, std::vector<Mat<double>>> Symmetry::cpg2 = {
  {"C1", {  { 1.000000000000000,  0.000000000000000,  0.000000000000000,  1.000000000000000} } },
  {"C2", {  { 1.000000000000000,  0.000000000000000,  0.000000000000000,  1.000000000000000},
            {-1.000000000000000,  0.000000000000000,  0.000000000000000, -1.000000000000000} } },
  {"D1", {  { 1.000000000000000,  0.000000000000000,  0.000000000000000,  1.000000000000000},
            {-1.000000000000000,  0.000000000000000,  0.000000000000000, -1.000000000000000} } },
  {"D2", {  { 1.000000000000000,  0.000000000000000,  0.000000000000000,  1.000000000000000},
            {-1.000000000000000,  0.000000000000000,  0.000000000000000, -1.000000000000000},
            {-1.000000000000000,  0.000000000000000,  0.000000000000000,  1.000000000000000},
            { 1.000000000000000,  0.000000000000000,  0.000000000000000, -1.000000000000000} } },
  {"C4", {  { 1.000000000000000,  0.000000000000000,  0.000000000000000,  1.000000000000000},
            { 0.000000000000000,  1.000000000000000, -1.000000000000000,  0.000000000000000},
            {-1.000000000000000,  0.000000000000000,  0.000000000000000, -1.000000000000000},
            { 0.000000000000000, -1.000000000000000,  1.000000000000000,  0.000000000000000} } },
  {"D4", {  { 1.000000000000000,  0.000000000000000,  0.000000000000000,  1.000000000000000},
            { 0.000000000000000,  1.000000000000000, -1.000000000000000,  0.000000000000000},
            {-1.000000000000000,  0.000000000000000,  0.000000000000000, -1.000000000000000},
            { 0.000000000000000, -1.000000000000000,  1.000000000000000,  0.000000000000000},
            {-1.000000000000000,  0.000000000000000,  0.000000000000000,  1.000000000000000},
            { 1.000000000000000,  0.000000000000000,  0.000000000000000, -1.000000000000000},
            { 0.000000000000000, -1.000000000000000, -1.000000000000000,  0.000000000000000},
            { 0.000000000000000,  1.000000000000000,  1.000000000000000,  0.000000000000000} } },
  {"C3", {  { 1.000000000000000,  0.000000000000000,  0.000000000000000,  1.000000000000000},
            {-0.500000000000000,  0.866025403784440, -0.866025403784440, -0.500000000000000},
            {-0.500000000000000, -0.866025403784440,  0.866025403784440, -0.500000000000000} } },
  {"D3", {  { 1.000000000000000,  0.000000000000000,  0.000000000000000,  1.000000000000000},
            {-0.500000000000000,  0.866025403784440, -0.866025403784440, -0.500000000000000},
            {-0.500000000000000, -0.866025403784440,  0.866025403784440, -0.500000000000000},
            {-1.000000000000000,  0.000000000000000,  0.000000000000000,  1.000000000000000},
            { 0.500000000000000, -0.866025403784440, -0.866025403784440, -0.500000000000000},
            { 0.500000000000000,  0.866025403784440,  0.866025403784440, -0.500000000000000} } },
  {"C6", {  { 1.000000000000000,  0.000000000000000,  0.000000000000000,  1.000000000000000},
            { 0.500000000000000,  0.866025403784440, -0.866025403784440,  0.500000000000000},
            {-0.500000000000000,  0.866025403784440, -0.866025403784440, -0.500000000000000},
            {-1.000000000000000,  0.000000000000000,  0.000000000000000, -1.000000000000000},
            {-0.500000000000000, -0.866025403784440,  0.866025403784440, -0.500000000000000},
            { 0.500000000000000, -0.866025403784440,  0.866025403784440,  0.500000000000000} } },
  {"D6", {  { 1.000000000000000,  0.000000000000000,  0.000000000000000,  1.000000000000000},
            { 0.500000000000000,  0.866025403784440, -0.866025403784440,  0.500000000000000},
            {-0.500000000000000,  0.866025403784440, -0.866025403784440, -0.500000000000000},
            {-1.000000000000000,  0.000000000000000,  0.000000000000000, -1.000000000000000},
            {-0.500000000000000, -0.866025403784440,  0.866025403784440, -0.500000000000000},
            { 0.500000000000000, -0.866025403784440,  0.866025403784440,  0.500000000000000},
            {-1.000000000000000,  0.000000000000000,  0.000000000000000,  1.000000000000000},
            { 0.500000000000000, -0.866025403784440, -0.866025403784440, -0.500000000000000},
            { 0.500000000000000,  0.866025403784440,  0.866025403784440, -0.500000000000000},
            { 1.000000000000000,  0.000000000000000,  0.000000000000000, -1.000000000000000},
            {-0.500000000000000,  0.866025403784440,  0.866025403784440,  0.500000000000000},
            {-0.500000000000000, -0.866025403784440, -0.866025403784440,  0.500000000000000} } },
};
const std::map<std::string, std::vector<Mat<double>>> Symmetry::cpg3 = {
  {"C1", {  { 1.000000000000000,  0.000000000000000,  0.000000000000000,  0.000000000000000,  1.000000000000000,  0.000000000000000,  0.000000000000000,  0.000000000000000,  1.000000000000000} } },
  {"Ci", {  { 1.000000000000000,  0.000000000000000,  0.000000000000000,  0.000000000000000,  1.000000000000000,  0.000000000000000,  0.000000000000000,  0.000000000000000,  1.000000000000000},
            {-1.000000000000000,  0.000000000000000,  0.000000000000000,  0.000000000000000, -1.000000000000000,  0.000000000000000,  0.000000000000000,  0.000000000000000, -1.000000000000000} } },
  {"C2", {  { 1.000000000000000,  0.000000000000000,  0.000000000000000,  0.000000000000000,  1.000000000000000,  0.000000000000000,  0.000000000000000,  0.000000000000000,  1.000000000000000},
            {-1.000000000000000,  0.000000000000000,  0.000000000000000,  0.000000000000000, -1.000000000000000,  0.000000000000000,  0.000000000000000,  0.000000000000000,  1.000000000000000} } },
  {"C1h", { { 1.000000000000000,  0.000000000000000,  0.000000000000000,  0.000000000000000,  1.000000000000000,  0.000000000000000,  0.000000000000000,  0.000000000000000,  1.000000000000000},
            { 1.000000000000000,  0.000000000000000,  0.000000000000000,  0.000000000000000,  1.000000000000000,  0.000000000000000,  0.000000000000000,  0.000000000000000, -1.000000000000000} } },
  {"C2h", { { 1.000000000000000,  0.000000000000000,  0.000000000000000,  0.000000000000000,  1.000000000000000,  0.000000000000000,  0.000000000000000,  0.000000000000000,  1.000000000000000},
            {-1.000000000000000,  0.000000000000000,  0.000000000000000,  0.000000000000000, -1.000000000000000,  0.000000000000000,  0.000000000000000,  0.000000000000000,  1.000000000000000},
            {-1.000000000000000,  0.000000000000000,  0.000000000000000,  0.000000000000000, -1.000000000000000,  0.000000000000000,  0.000000000000000,  0.000000000000000, -1.000000000000000},
            { 1.000000000000000,  0.000000000000000,  0.000000000000000,  0.000000000000000,  1.000000000000000,  0.000000000000000,  0.000000000000000,  0.000000000000000, -1.000000000000000} } },
  {"D2", {  { 1.000000000000000,  0.000000000000000,  0.000000000000000,  0.000000000000000,  1.000000000000000,  0.000000000000000,  0.000000000000000,  0.000000000000000,  1.000000000000000},
            { 1.000000000000000,  0.000000000000000,  0.000000000000000,  0.000000000000000, -1.000000000000000,  0.000000000000000,  0.000000000000000,  0.000000000000000, -1.000000000000000},
            {-1.000000000000000,  0.000000000000000,  0.000000000000000,  0.000000000000000,  1.000000000000000,  0.000000000000000,  0.000000000000000,  0.000000000000000, -1.000000000000000},
            {-1.000000000000000,  0.000000000000000,  0.000000000000000,  0.000000000000000, -1.000000000000000,  0.000000000000000,  0.000000000000000,  0.000000000000000,  1.000000000000000} } },
  {"C2v", { { 1.000000000000000,  0.000000000000000,  0.000000000000000,  0.000000000000000,  1.000000000000000,  0.000000000000000,  0.000000000000000,  0.000000000000000,  1.000000000000000},
            {-1.000000000000000,  0.000000000000000,  0.000000000000000,  0.000000000000000, -1.000000000000000,  0.000000000000000,  0.000000000000000,  0.000000000000000,  1.000000000000000},
            {-1.000000000000000,  0.000000000000000,  0.000000000000000,  0.000000000000000,  1.000000000000000,  0.000000000000000,  0.000000000000000,  0.000000000000000,  1.000000000000000},
            { 1.000000000000000,  0.000000000000000,  0.000000000000000,  0.000000000000000, -1.000000000000000,  0.000000000000000,  0.000000000000000,  0.000000000000000,  1.000000000000000} } },
  {"D2h", { { 1.000000000000000,  0.000000000000000,  0.000000000000000,  0.000000000000000,  1.000000000000000,  0.000000000000000,  0.000000000000000,  0.000000000000000,  1.000000000000000},
            { 1.000000000000000,  0.000000000000000,  0.000000000000000,  0.000000000000000, -1.000000000000000,  0.000000000000000,  0.000000000000000,  0.000000000000000, -1.000000000000000},
            {-1.000000000000000,  0.000000000000000,  0.000000000000000,  0.000000000000000,  1.000000000000000,  0.000000000000000,  0.000000000000000,  0.000000000000000, -1.000000000000000},
            {-1.000000000000000,  0.000000000000000,  0.000000000000000,  0.000000000000000, -1.000000000000000,  0.000000000000000,  0.000000000000000,  0.000000000000000,  1.000000000000000},
            {-1.000000000000000,  0.000000000000000,  0.000000000000000,  0.000000000000000, -1.000000000000000,  0.000000000000000,  0.000000000000000,  0.000000000000000, -1.000000000000000},
            {-1.000000000000000,  0.000000000000000,  0.000000000000000,  0.000000000000000,  1.000000000000000,  0.000000000000000,  0.000000000000000,  0.000000000000000,  1.000000000000000},
            { 1.000000000000000,  0.000000000000000,  0.000000000000000,  0.000000000000000, -1.000000000000000,  0.000000000000000,  0.000000000000000,  0.000000000000000,  1.000000000000000},
            { 1.000000000000000,  0.000000000000000,  0.000000000000000,  0.000000000000000,  1.000000000000000,  0.000000000000000,  0.000000000000000,  0.000000000000000, -1.000000000000000} } },
  {"C4", {  { 1.000000000000000,  0.000000000000000,  0.000000000000000,  0.000000000000000,  1.000000000000000,  0.000000000000000,  0.000000000000000,  0.000000000000000,  1.000000000000000},
            { 0.000000000000000, -1.000000000000000,  0.000000000000000,  1.000000000000000,  0.000000000000000,  0.000000000000000,  0.000000000000000,  0.000000000000000,  1.000000000000000},
            {-1.000000000000000,  0.000000000000000,  0.000000000000000,  0.000000000000000, -1.000000000000000,  0.000000000000000,  0.000000000000000,  0.000000000000000,  1.000000000000000},
            { 0.000000000000000,  1.000000000000000,  0.000000000000000, -1.000000000000000,  0.000000000000000,  0.000000000000000,  0.000000000000000,  0.000000000000000,  1.000000000000000} } },
  {"S4", {  { 1.000000000000000,  0.000000000000000,  0.000000000000000,  0.000000000000000,  1.000000000000000,  0.000000000000000,  0.000000000000000,  0.000000000000000,  1.000000000000000},
            { 0.000000000000000, -1.000000000000000,  0.000000000000000,  1.000000000000000,  0.000000000000000,  0.000000000000000,  0.000000000000000,  0.000000000000000, -1.000000000000000},
            { 0.000000000000000,  1.000000000000000,  0.000000000000000, -1.000000000000000,  0.000000000000000,  0.000000000000000,  0.000000000000000,  0.000000000000000, -1.000000000000000},
            {-1.000000000000000,  0.000000000000000,  0.000000000000000,  0.000000000000000, -1.000000000000000,  0.000000000000000,  0.000000000000000,  0.000000000000000,  1.000000000000000} } },
  {"C4h", { { 1.000000000000000,  0.000000000000000,  0.000000000000000,  0.000000000000000,  1.000000000000000,  0.000000000000000,  0.000000000000000,  0.000000000000000,  1.000000000000000},
            { 0.000000000000000, -1.000000000000000,  0.000000000000000,  1.000000000000000,  0.000000000000000,  0.000000000000000,  0.000000000000000,  0.000000000000000,  1.000000000000000},
            {-1.000000000000000,  0.000000000000000,  0.000000000000000,  0.000000000000000, -1.000000000000000,  0.000000000000000,  0.000000000000000,  0.000000000000000,  1.000000000000000},
            { 0.000000000000000,  1.000000000000000,  0.000000000000000, -1.000000000000000,  0.000000000000000,  0.000000000000000,  0.000000000000000,  0.000000000000000,  1.000000000000000},
            {-1.000000000000000,  0.000000000000000,  0.000000000000000,  0.000000000000000, -1.000000000000000,  0.000000000000000,  0.000000000000000,  0.000000000000000, -1.000000000000000},
            { 1.000000000000000,  0.000000000000000,  0.000000000000000,  0.000000000000000,  1.000000000000000,  0.000000000000000,  0.000000000000000,  0.000000000000000, -1.000000000000000},
            { 0.000000000000000, -1.000000000000000,  0.000000000000000,  1.000000000000000,  0.000000000000000,  0.000000000000000,  0.000000000000000,  0.000000000000000, -1.000000000000000},
            { 0.000000000000000,  1.000000000000000,  0.000000000000000, -1.000000000000000,  0.000000000000000,  0.000000000000000,  0.000000000000000,  0.000000000000000, -1.000000000000000} } },
  {"D4", {  { 1.000000000000000,  0.000000000000000,  0.000000000000000,  0.000000000000000,  1.000000000000000,  0.000000000000000,  0.000000000000000,  0.000000000000000,  1.000000000000000},
            { 0.000000000000000, -1.000000000000000,  0.000000000000000,  1.000000000000000,  0.000000000000000,  0.000000000000000,  0.000000000000000,  0.000000000000000,  1.000000000000000},
            {-1.000000000000000,  0.000000000000000,  0.000000000000000,  0.000000000000000, -1.000000000000000,  0.000000000000000,  0.000000000000000,  0.000000000000000,  1.000000000000000},
            { 0.000000000000000,  1.000000000000000,  0.000000000000000, -1.000000000000000,  0.000000000000000,  0.000000000000000,  0.000000000000000,  0.000000000000000,  1.000000000000000},
            { 1.000000000000000,  0.000000000000000,  0.000000000000000,  0.000000000000000, -1.000000000000000,  0.000000000000000,  0.000000000000000,  0.000000000000000, -1.000000000000000},
            {-1.000000000000000,  0.000000000000000,  0.000000000000000,  0.000000000000000,  1.000000000000000,  0.000000000000000,  0.000000000000000,  0.000000000000000, -1.000000000000000},
            { 0.000000000000000,  1.000000000000000,  0.000000000000000,  1.000000000000000,  0.000000000000000,  0.000000000000000,  0.000000000000000,  0.000000000000000, -1.000000000000000},
            { 0.000000000000000, -1.000000000000000,  0.000000000000000, -1.000000000000000,  0.000000000000000,  0.000000000000000,  0.000000000000000,  0.000000000000000, -1.000000000000000} } },
  {"C4v", { { 1.000000000000000,  0.000000000000000,  0.000000000000000,  0.000000000000000,  1.000000000000000,  0.000000000000000,  0.000000000000000,  0.000000000000000,  1.000000000000000},
            { 0.000000000000000, -1.000000000000000,  0.000000000000000,  1.000000000000000,  0.000000000000000,  0.000000000000000,  0.000000000000000,  0.000000000000000,  1.000000000000000},
            {-1.000000000000000,  0.000000000000000,  0.000000000000000,  0.000000000000000, -1.000000000000000,  0.000000000000000,  0.000000000000000,  0.000000000000000,  1.000000000000000},
            { 0.000000000000000,  1.000000000000000,  0.000000000000000, -1.000000000000000,  0.000000000000000,  0.000000000000000,  0.000000000000000,  0.000000000000000,  1.000000000000000},
            {-1.000000000000000,  0.000000000000000,  0.000000000000000,  0.000000000000000,  1.000000000000000,  0.000000000000000,  0.000000000000000,  0.000000000000000,  1.000000000000000},
            { 1.000000000000000,  0.000000000000000,  0.000000000000000,  0.000000000000000, -1.000000000000000,  0.000000000000000,  0.000000000000000,  0.000000000000000,  1.000000000000000},
            { 0.000000000000000, -1.000000000000000,  0.000000000000000, -1.000000000000000,  0.000000000000000,  0.000000000000000,  0.000000000000000,  0.000000000000000,  1.000000000000000},
            { 0.000000000000000,  1.000000000000000,  0.000000000000000,  1.000000000000000,  0.000000000000000,  0.000000000000000,  0.000000000000000,  0.000000000000000,  1.000000000000000} } },
  {"D2d", { { 1.000000000000000,  0.000000000000000,  0.000000000000000,  0.000000000000000,  1.000000000000000,  0.000000000000000,  0.000000000000000,  0.000000000000000,  1.000000000000000},
            { 0.000000000000000, -1.000000000000000,  0.000000000000000,  1.000000000000000,  0.000000000000000,  0.000000000000000,  0.000000000000000,  0.000000000000000, -1.000000000000000},
            { 0.000000000000000,  1.000000000000000,  0.000000000000000, -1.000000000000000,  0.000000000000000,  0.000000000000000,  0.000000000000000,  0.000000000000000, -1.000000000000000},
            {-1.000000000000000,  0.000000000000000,  0.000000000000000,  0.000000000000000, -1.000000000000000,  0.000000000000000,  0.000000000000000,  0.000000000000000,  1.000000000000000},
            { 0.000000000000000,  1.000000000000000,  0.000000000000000,  1.000000000000000,  0.000000000000000,  0.000000000000000,  0.000000000000000,  0.000000000000000, -1.000000000000000},
            { 0.000000000000000, -1.000000000000000,  0.000000000000000, -1.000000000000000,  0.000000000000000,  0.000000000000000,  0.000000000000000,  0.000000000000000, -1.000000000000000},
            {-1.000000000000000,  0.000000000000000,  0.000000000000000,  0.000000000000000,  1.000000000000000,  0.000000000000000,  0.000000000000000,  0.000000000000000,  1.000000000000000},
            { 1.000000000000000,  0.000000000000000,  0.000000000000000,  0.000000000000000, -1.000000000000000,  0.000000000000000,  0.000000000000000,  0.000000000000000,  1.000000000000000} } },
  {"D4h", { { 1.000000000000000,  0.000000000000000,  0.000000000000000,  0.000000000000000,  1.000000000000000,  0.000000000000000,  0.000000000000000,  0.000000000000000,  1.000000000000000},
            { 0.000000000000000, -1.000000000000000,  0.000000000000000,  1.000000000000000,  0.000000000000000,  0.000000000000000,  0.000000000000000,  0.000000000000000,  1.000000000000000},
            {-1.000000000000000,  0.000000000000000,  0.000000000000000,  0.000000000000000, -1.000000000000000,  0.000000000000000,  0.000000000000000,  0.000000000000000,  1.000000000000000},
            { 0.000000000000000,  1.000000000000000,  0.000000000000000, -1.000000000000000,  0.000000000000000,  0.000000000000000,  0.000000000000000,  0.000000000000000,  1.000000000000000},
            { 1.000000000000000,  0.000000000000000,  0.000000000000000,  0.000000000000000, -1.000000000000000,  0.000000000000000,  0.000000000000000,  0.000000000000000, -1.000000000000000},
            {-1.000000000000000,  0.000000000000000,  0.000000000000000,  0.000000000000000,  1.000000000000000,  0.000000000000000,  0.000000000000000,  0.000000000000000, -1.000000000000000},
            { 0.000000000000000,  1.000000000000000,  0.000000000000000,  1.000000000000000,  0.000000000000000,  0.000000000000000,  0.000000000000000,  0.000000000000000, -1.000000000000000},
            { 0.000000000000000, -1.000000000000000,  0.000000000000000, -1.000000000000000,  0.000000000000000,  0.000000000000000,  0.000000000000000,  0.000000000000000, -1.000000000000000},
            {-1.000000000000000,  0.000000000000000,  0.000000000000000,  0.000000000000000, -1.000000000000000,  0.000000000000000,  0.000000000000000,  0.000000000000000, -1.000000000000000},
            { 0.000000000000000, -1.000000000000000,  0.000000000000000,  1.000000000000000,  0.000000000000000,  0.000000000000000,  0.000000000000000,  0.000000000000000, -1.000000000000000},
            { 0.000000000000000,  1.000000000000000,  0.000000000000000, -1.000000000000000,  0.000000000000000,  0.000000000000000,  0.000000000000000,  0.000000000000000, -1.000000000000000},
            {-1.000000000000000,  0.000000000000000,  0.000000000000000,  0.000000000000000,  1.000000000000000,  0.000000000000000,  0.000000000000000,  0.000000000000000,  1.000000000000000},
            { 1.000000000000000,  0.000000000000000,  0.000000000000000,  0.000000000000000, -1.000000000000000,  0.000000000000000,  0.000000000000000,  0.000000000000000,  1.000000000000000},
            { 1.000000000000000,  0.000000000000000,  0.000000000000000,  0.000000000000000,  1.000000000000000,  0.000000000000000,  0.000000000000000,  0.000000000000000, -1.000000000000000},
            { 0.000000000000000, -1.000000000000000,  0.000000000000000, -1.000000000000000,  0.000000000000000,  0.000000000000000,  0.000000000000000,  0.000000000000000,  1.000000000000000},
            { 0.000000000000000,  1.000000000000000,  0.000000000000000,  1.000000000000000,  0.000000000000000,  0.000000000000000,  0.000000000000000,  0.000000000000000,  1.000000000000000} } },
  {"C3", {  { 1.000000000000000,  0.000000000000000,  0.000000000000000,  0.000000000000000,  1.000000000000000,  0.000000000000000,  0.000000000000000,  0.000000000000000,  1.000000000000000},
            {-0.500000000000000, -0.866025403784440,  0.000000000000000,  0.866025403784440, -0.500000000000000,  0.000000000000000,  0.000000000000000,  0.000000000000000,  1.000000000000000},
            {-0.500000000000000,  0.866025403784440,  0.000000000000000, -0.866025403784440, -0.500000000000000,  0.000000000000000,  0.000000000000000,  0.000000000000000,  1.000000000000000} } },
  {"S6", {  { 1.000000000000000,  0.000000000000000,  0.000000000000000,  0.000000000000000,  1.000000000000000,  0.000000000000000,  0.000000000000000,  0.000000000000000,  1.000000000000000},
            {-0.500000000000000, -0.866025403784440,  0.000000000000000,  0.866025403784440, -0.500000000000000,  0.000000000000000,  0.000000000000000,  0.000000000000000,  1.000000000000000},
            {-0.500000000000000,  0.866025403784440,  0.000000000000000, -0.866025403784440, -0.500000000000000,  0.000000000000000,  0.000000000000000,  0.000000000000000,  1.000000000000000},
            {-1.000000000000000,  0.000000000000000,  0.000000000000000,  0.000000000000000, -1.000000000000000,  0.000000000000000,  0.000000000000000,  0.000000000000000, -1.000000000000000},
            { 0.500000000000000, -0.866025403784440,  0.000000000000000,  0.866025403784440,  0.500000000000000,  0.000000000000000,  0.000000000000000,  0.000000000000000, -1.000000000000000},
            { 0.500000000000000,  0.866025403784440,  0.000000000000000, -0.866025403784440,  0.500000000000000,  0.000000000000000,  0.000000000000000,  0.000000000000000, -1.000000000000000} } },
  {"D3", {  { 1.000000000000000,  0.000000000000000,  0.000000000000000,  0.000000000000000,  1.000000000000000,  0.000000000000000,  0.000000000000000,  0.000000000000000,  1.000000000000000},
            {-0.500000000000000, -0.866025403784440,  0.000000000000000,  0.866025403784440, -0.500000000000000,  0.000000000000000,  0.000000000000000,  0.000000000000000,  1.000000000000000},
            {-0.500000000000000,  0.866025403784440,  0.000000000000000, -0.866025403784440, -0.500000000000000,  0.000000000000000,  0.000000000000000,  0.000000000000000,  1.000000000000000},
            { 1.000000000000000,  0.000000000000000,  0.000000000000000,  0.000000000000000, -1.000000000000000,  0.000000000000000,  0.000000000000000,  0.000000000000000, -1.000000000000000},
            {-0.500000000000000, -0.866025403784440,  0.000000000000000, -0.866025403784440,  0.500000000000000,  0.000000000000000,  0.000000000000000,  0.000000000000000, -1.000000000000000},
            {-0.500000000000000,  0.866025403784440,  0.000000000000000,  0.866025403784440,  0.500000000000000,  0.000000000000000,  0.000000000000000,  0.000000000000000, -1.000000000000000} } },
  {"C3v", { { 1.000000000000000,  0.000000000000000,  0.000000000000000,  0.000000000000000,  1.000000000000000,  0.000000000000000,  0.000000000000000,  0.000000000000000,  1.000000000000000},
            {-0.500000000000000, -0.866025403784440,  0.000000000000000,  0.866025403784440, -0.500000000000000,  0.000000000000000,  0.000000000000000,  0.000000000000000,  1.000000000000000},
            {-0.500000000000000,  0.866025403784440,  0.000000000000000, -0.866025403784440, -0.500000000000000,  0.000000000000000,  0.000000000000000,  0.000000000000000,  1.000000000000000},
            {-1.000000000000000,  0.000000000000000,  0.000000000000000,  0.000000000000000,  1.000000000000000,  0.000000000000000,  0.000000000000000,  0.000000000000000,  1.000000000000000},
            { 0.500000000000000,  0.866025403784440,  0.000000000000000,  0.866025403784440, -0.500000000000000,  0.000000000000000,  0.000000000000000,  0.000000000000000,  1.000000000000000},
            { 0.500000000000000, -0.866025403784440,  0.000000000000000, -0.866025403784440, -0.500000000000000,  0.000000000000000,  0.000000000000000,  0.000000000000000,  1.000000000000000} } },
  {"D3d", { { 1.000000000000000,  0.000000000000000,  0.000000000000000,  0.000000000000000,  1.000000000000000,  0.000000000000000,  0.000000000000000,  0.000000000000000,  1.000000000000000},
            {-0.500000000000000, -0.866025403784440,  0.000000000000000,  0.866025403784440, -0.500000000000000,  0.000000000000000,  0.000000000000000,  0.000000000000000,  1.000000000000000},
            {-0.500000000000000,  0.866025403784440,  0.000000000000000, -0.866025403784440, -0.500000000000000,  0.000000000000000,  0.000000000000000,  0.000000000000000,  1.000000000000000},
            {-1.000000000000000,  0.000000000000000,  0.000000000000000,  0.000000000000000, -1.000000000000000,  0.000000000000000,  0.000000000000000,  0.000000000000000, -1.000000000000000},
            { 0.500000000000000, -0.866025403784440,  0.000000000000000,  0.866025403784440,  0.500000000000000,  0.000000000000000,  0.000000000000000,  0.000000000000000, -1.000000000000000},
            { 0.500000000000000,  0.866025403784440,  0.000000000000000, -0.866025403784440,  0.500000000000000,  0.000000000000000,  0.000000000000000,  0.000000000000000, -1.000000000000000},
            { 1.000000000000000,  0.000000000000000,  0.000000000000000,  0.000000000000000, -1.000000000000000,  0.000000000000000,  0.000000000000000,  0.000000000000000, -1.000000000000000},
            {-0.500000000000000, -0.866025403784440,  0.000000000000000, -0.866025403784440,  0.500000000000000,  0.000000000000000,  0.000000000000000,  0.000000000000000, -1.000000000000000},
            {-0.500000000000000,  0.866025403784440,  0.000000000000000,  0.866025403784440,  0.500000000000000,  0.000000000000000,  0.000000000000000,  0.000000000000000, -1.000000000000000},
            {-1.000000000000000,  0.000000000000000,  0.000000000000000,  0.000000000000000,  1.000000000000000,  0.000000000000000,  0.000000000000000,  0.000000000000000,  1.000000000000000},
            { 0.500000000000000,  0.866025403784440,  0.000000000000000,  0.866025403784440, -0.500000000000000,  0.000000000000000,  0.000000000000000,  0.000000000000000,  1.000000000000000},
            { 0.500000000000000, -0.866025403784440,  0.000000000000000, -0.866025403784440, -0.500000000000000,  0.000000000000000,  0.000000000000000,  0.000000000000000,  1.000000000000000} } },
  {"C6", {  { 1.000000000000000,  0.000000000000000,  0.000000000000000,  0.000000000000000,  1.000000000000000,  0.000000000000000,  0.000000000000000,  0.000000000000000,  1.000000000000000},
            { 0.500000000000000, -0.866025403784440,  0.000000000000000,  0.866025403784440,  0.500000000000000,  0.000000000000000,  0.000000000000000,  0.000000000000000,  1.000000000000000},
            {-0.500000000000000, -0.866025403784440,  0.000000000000000,  0.866025403784440, -0.500000000000000,  0.000000000000000,  0.000000000000000,  0.000000000000000,  1.000000000000000},
            {-1.000000000000000,  0.000000000000000,  0.000000000000000,  0.000000000000000, -1.000000000000000,  0.000000000000000,  0.000000000000000,  0.000000000000000,  1.000000000000000},
            {-0.500000000000000,  0.866025403784440,  0.000000000000000, -0.866025403784440, -0.500000000000000,  0.000000000000000,  0.000000000000000,  0.000000000000000,  1.000000000000000},
            { 0.500000000000000,  0.866025403784440,  0.000000000000000, -0.866025403784440,  0.500000000000000,  0.000000000000000,  0.000000000000000,  0.000000000000000,  1.000000000000000} } },
  {"C3h", { { 1.000000000000000,  0.000000000000000,  0.000000000000000,  0.000000000000000,  1.000000000000000,  0.000000000000000,  0.000000000000000,  0.000000000000000,  1.000000000000000},
            {-0.500000000000000, -0.866025403784440,  0.000000000000000,  0.866025403784440, -0.500000000000000,  0.000000000000000,  0.000000000000000,  0.000000000000000,  1.000000000000000},
            {-0.500000000000000,  0.866025403784440,  0.000000000000000, -0.866025403784440, -0.500000000000000,  0.000000000000000,  0.000000000000000,  0.000000000000000,  1.000000000000000},
            { 1.000000000000000,  0.000000000000000,  0.000000000000000,  0.000000000000000,  1.000000000000000,  0.000000000000000,  0.000000000000000,  0.000000000000000, -1.000000000000000},
            {-0.500000000000000, -0.866025403784440,  0.000000000000000,  0.866025403784440, -0.500000000000000,  0.000000000000000,  0.000000000000000,  0.000000000000000, -1.000000000000000},
            {-0.500000000000000,  0.866025403784440,  0.000000000000000, -0.866025403784440, -0.500000000000000,  0.000000000000000,  0.000000000000000,  0.000000000000000, -1.000000000000000} } },
  {"C6h", { { 1.000000000000000,  0.000000000000000,  0.000000000000000,  0.000000000000000,  1.000000000000000,  0.000000000000000,  0.000000000000000,  0.000000000000000,  1.000000000000000},
            { 0.500000000000000, -0.866025403784440,  0.000000000000000,  0.866025403784440,  0.500000000000000,  0.000000000000000,  0.000000000000000,  0.000000000000000,  1.000000000000000},
            {-0.500000000000000, -0.866025403784440,  0.000000000000000,  0.866025403784440, -0.500000000000000,  0.000000000000000,  0.000000000000000,  0.000000000000000,  1.000000000000000},
            {-1.000000000000000,  0.000000000000000,  0.000000000000000,  0.000000000000000, -1.000000000000000,  0.000000000000000,  0.000000000000000,  0.000000000000000,  1.000000000000000},
            {-0.500000000000000,  0.866025403784440,  0.000000000000000, -0.866025403784440, -0.500000000000000,  0.000000000000000,  0.000000000000000,  0.000000000000000,  1.000000000000000},
            { 0.500000000000000,  0.866025403784440,  0.000000000000000, -0.866025403784440,  0.500000000000000,  0.000000000000000,  0.000000000000000,  0.000000000000000,  1.000000000000000},
            {-1.000000000000000,  0.000000000000000,  0.000000000000000,  0.000000000000000, -1.000000000000000,  0.000000000000000,  0.000000000000000,  0.000000000000000, -1.000000000000000},
            { 1.000000000000000,  0.000000000000000,  0.000000000000000,  0.000000000000000,  1.000000000000000,  0.000000000000000,  0.000000000000000,  0.000000000000000, -1.000000000000000},
            { 0.500000000000000, -0.866025403784440,  0.000000000000000,  0.866025403784440,  0.500000000000000,  0.000000000000000,  0.000000000000000,  0.000000000000000, -1.000000000000000},
            { 0.500000000000000,  0.866025403784440,  0.000000000000000, -0.866025403784440,  0.500000000000000,  0.000000000000000,  0.000000000000000,  0.000000000000000, -1.000000000000000},
            {-0.500000000000000, -0.866025403784440,  0.000000000000000,  0.866025403784440, -0.500000000000000,  0.000000000000000,  0.000000000000000,  0.000000000000000, -1.000000000000000},
            {-0.500000000000000,  0.866025403784440,  0.000000000000000, -0.866025403784440, -0.500000000000000,  0.000000000000000,  0.000000000000000,  0.000000000000000, -1.000000000000000} } },
  {"D6", {  { 1.000000000000000,  0.000000000000000,  0.000000000000000,  0.000000000000000,  1.000000000000000,  0.000000000000000,  0.000000000000000,  0.000000000000000,  1.000000000000000},
            { 0.500000000000000, -0.866025403784440,  0.000000000000000,  0.866025403784440,  0.500000000000000,  0.000000000000000,  0.000000000000000,  0.000000000000000,  1.000000000000000},
            {-0.500000000000000, -0.866025403784440,  0.000000000000000,  0.866025403784440, -0.500000000000000,  0.000000000000000,  0.000000000000000,  0.000000000000000,  1.000000000000000},
            {-1.000000000000000,  0.000000000000000,  0.000000000000000,  0.000000000000000, -1.000000000000000,  0.000000000000000,  0.000000000000000,  0.000000000000000,  1.000000000000000},
            {-0.500000000000000,  0.866025403784440,  0.000000000000000, -0.866025403784440, -0.500000000000000,  0.000000000000000,  0.000000000000000,  0.000000000000000,  1.000000000000000},
            { 0.500000000000000,  0.866025403784440,  0.000000000000000, -0.866025403784440,  0.500000000000000,  0.000000000000000,  0.000000000000000,  0.000000000000000,  1.000000000000000},
            { 1.000000000000000,  0.000000000000000,  0.000000000000000,  0.000000000000000, -1.000000000000000,  0.000000000000000,  0.000000000000000,  0.000000000000000, -1.000000000000000},
            {-0.500000000000000, -0.866025403784440,  0.000000000000000, -0.866025403784440,  0.500000000000000,  0.000000000000000,  0.000000000000000,  0.000000000000000, -1.000000000000000},
            {-0.500000000000000,  0.866025403784440,  0.000000000000000,  0.866025403784440,  0.500000000000000,  0.000000000000000,  0.000000000000000,  0.000000000000000, -1.000000000000000},
            {-1.000000000000000,  0.000000000000000,  0.000000000000000,  0.000000000000000,  1.000000000000000,  0.000000000000000,  0.000000000000000,  0.000000000000000, -1.000000000000000},
            { 0.500000000000000,  0.866025403784440,  0.000000000000000,  0.866025403784440, -0.500000000000000,  0.000000000000000,  0.000000000000000,  0.000000000000000, -1.000000000000000},
            { 0.500000000000000, -0.866025403784440,  0.000000000000000, -0.866025403784440, -0.500000000000000,  0.000000000000000,  0.000000000000000,  0.000000000000000, -1.000000000000000} } },
  {"C6v", { { 1.000000000000000,  0.000000000000000,  0.000000000000000,  0.000000000000000,  1.000000000000000,  0.000000000000000,  0.000000000000000,  0.000000000000000,  1.000000000000000},
            { 0.500000000000000, -0.866025403784440,  0.000000000000000,  0.866025403784440,  0.500000000000000,  0.000000000000000,  0.000000000000000,  0.000000000000000,  1.000000000000000},
            {-0.500000000000000, -0.866025403784440,  0.000000000000000,  0.866025403784440, -0.500000000000000,  0.000000000000000,  0.000000000000000,  0.000000000000000,  1.000000000000000},
            {-1.000000000000000,  0.000000000000000,  0.000000000000000,  0.000000000000000, -1.000000000000000,  0.000000000000000,  0.000000000000000,  0.000000000000000,  1.000000000000000},
            {-0.500000000000000,  0.866025403784440,  0.000000000000000, -0.866025403784440, -0.500000000000000,  0.000000000000000,  0.000000000000000,  0.000000000000000,  1.000000000000000},
            { 0.500000000000000,  0.866025403784440,  0.000000000000000, -0.866025403784440,  0.500000000000000,  0.000000000000000,  0.000000000000000,  0.000000000000000,  1.000000000000000},
            {-1.000000000000000,  0.000000000000000,  0.000000000000000,  0.000000000000000,  1.000000000000000,  0.000000000000000,  0.000000000000000,  0.000000000000000,  1.000000000000000},
            { 0.500000000000000,  0.866025403784440,  0.000000000000000,  0.866025403784440, -0.500000000000000,  0.000000000000000,  0.000000000000000,  0.000000000000000,  1.000000000000000},
            { 0.500000000000000, -0.866025403784440,  0.000000000000000, -0.866025403784440, -0.500000000000000,  0.000000000000000,  0.000000000000000,  0.000000000000000,  1.000000000000000},
            { 1.000000000000000,  0.000000000000000,  0.000000000000000,  0.000000000000000, -1.000000000000000,  0.000000000000000,  0.000000000000000,  0.000000000000000,  1.000000000000000},
            {-0.500000000000000, -0.866025403784440,  0.000000000000000, -0.866025403784440,  0.500000000000000,  0.000000000000000,  0.000000000000000,  0.000000000000000,  1.000000000000000},
            {-0.500000000000000,  0.866025403784440,  0.000000000000000,  0.866025403784440,  0.500000000000000,  0.000000000000000,  0.000000000000000,  0.000000000000000,  1.000000000000000} } },
  {"D3h", { { 1.000000000000000,  0.000000000000000,  0.000000000000000,  0.000000000000000,  1.000000000000000,  0.000000000000000,  0.000000000000000,  0.000000000000000,  1.000000000000000},
            {-0.500000000000000, -0.866025403784440,  0.000000000000000,  0.866025403784440, -0.500000000000000,  0.000000000000000,  0.000000000000000,  0.000000000000000,  1.000000000000000},
            {-0.500000000000000,  0.866025403784440,  0.000000000000000, -0.866025403784440, -0.500000000000000,  0.000000000000000,  0.000000000000000,  0.000000000000000,  1.000000000000000},
            { 1.000000000000000,  0.000000000000000,  0.000000000000000,  0.000000000000000,  1.000000000000000,  0.000000000000000,  0.000000000000000,  0.000000000000000, -1.000000000000000},
            {-0.500000000000000, -0.866025403784440,  0.000000000000000,  0.866025403784440, -0.500000000000000,  0.000000000000000,  0.000000000000000,  0.000000000000000, -1.000000000000000},
            {-0.500000000000000,  0.866025403784440,  0.000000000000000, -0.866025403784440, -0.500000000000000,  0.000000000000000,  0.000000000000000,  0.000000000000000, -1.000000000000000},
            { 1.000000000000000,  0.000000000000000,  0.000000000000000,  0.000000000000000, -1.000000000000000,  0.000000000000000,  0.000000000000000,  0.000000000000000, -1.000000000000000},
            {-0.500000000000000, -0.866025403784440,  0.000000000000000, -0.866025403784440,  0.500000000000000,  0.000000000000000,  0.000000000000000,  0.000000000000000, -1.000000000000000},
            {-0.500000000000000,  0.866025403784440,  0.000000000000000,  0.866025403784440,  0.500000000000000,  0.000000000000000,  0.000000000000000,  0.000000000000000, -1.000000000000000},
            {-1.000000000000000,  0.000000000000000,  0.000000000000000,  0.000000000000000,  1.000000000000000,  0.000000000000000,  0.000000000000000,  0.000000000000000,  1.000000000000000},
            { 0.500000000000000,  0.866025403784440,  0.000000000000000,  0.866025403784440, -0.500000000000000,  0.000000000000000,  0.000000000000000,  0.000000000000000,  1.000000000000000},
            { 0.500000000000000, -0.866025403784440,  0.000000000000000, -0.866025403784440, -0.500000000000000,  0.000000000000000,  0.000000000000000,  0.000000000000000,  1.000000000000000} } },
  {"D6h", { { 1.000000000000000,  0.000000000000000,  0.000000000000000,  0.000000000000000,  1.000000000000000,  0.000000000000000,  0.000000000000000,  0.000000000000000,  1.000000000000000},
            { 0.500000000000000, -0.866025403784440,  0.000000000000000,  0.866025403784440,  0.500000000000000,  0.000000000000000,  0.000000000000000,  0.000000000000000,  1.000000000000000},
            {-0.500000000000000, -0.866025403784440,  0.000000000000000,  0.866025403784440, -0.500000000000000,  0.000000000000000,  0.000000000000000,  0.000000000000000,  1.000000000000000},
            {-1.000000000000000,  0.000000000000000,  0.000000000000000,  0.000000000000000, -1.000000000000000,  0.000000000000000,  0.000000000000000,  0.000000000000000,  1.000000000000000},
